首次适应分配算法:
0: |0[10] |10[8] |18[10] |28[6] |34[10] |44[20]|
1: |0[6](1) |6[4] |10[8] |18[10] |28[6] |34[10] |44[20]|
2: |0[6](1) |6[4] |10[8](2) |18[10] |28[6] |34[10] |44[20]|
3: |0[6](1) |6[3](3) |9[1] |10[8](2) |18[10] |28[6] |34[10] |44[20]|
4: |0[6] |6[3](3) |9[1] |10[8](2) |18[10] |28[6] |34[10] |44[20]|
5: |0[6] |6[3](3) |9[19] |28[6] |34[10] |44[20]|
6: |0[28] |28[6] |34[10] |44[20]|
循环适应分配算法:
0: |0[10] |10[8] |18[10] |28[6] |34[10] |44[20]|
1: |0[6](1) |6[4] |10[8] |18[10] |28[6] |34[10] |44[20]|
2: |0[6](1) |6[4] |10[8](2) |18[10] |28[6] |34[10] |44[20]|
3: |0[6](1) |6[4] |10[8](2) |18[3](3) |21[7] |28[6] |34[10] |44[20]|
4: |0[10] |10[8](2) |18[3](3) |21[7] |28[6] |34[10] |44[20]|
5: |0[18] |18[3](3) |21[7] |28[6] |34[10] |44[20]|
6: |0[28] |28[6] |34[10] |44[20]|
最佳适应分配算法:
0: |0[10] |10[8] |18[10] |28[6] |34[10] |44[20]|
1: |0[10] |10[8] |18[10] |28[6](1) |34[10] |44[20]|
2: |0[10] |10[8](2) |18[10] |28[6](1) |34[10] |44[20]|
3: |0[3](3) |3[7] |10[8](2) |18[10] |28[6](1) |34[10] |44[20]|
4: |0[3](3) |3[7] |10[8](2) |18[26] |44[20]|
5: |0[3](3) |3[41] |44[20]|
6: |0[44] |44[20]|
最坏适应分配算法:
0: |0[10] |10[8] |18[10] |28[6] |34[10] |44[20]|
1: |0[10] |10[8] |18[10] |28[6] |34[10] |44[6](1) |50[14]|
2: |0[10] |10[8] |18[10] |28[6] |34[10] |44[6](1) |50[8](2) |58[6]|
3: |0[3](3) |3[7] |10[8] |18[10] |28[6] |34[10] |44[6](1) |50[8](2) |58[6]|
4: |0[3](3) |3[7] |10[8] |18[10] |28[6] |34[16] |50[8](2) |58[6]|
5: |0[3](3) |3[7] |10[8] |18[10] |28[6] |34[30]|
6: |0[10] |10[8] |18[10] |28[6] |34[30]|
