2868467437
2868468306
2868470393
2868672272
02-14
2866296399
2866297579
02-13
2864255818
2864256586
02-12
2862280610
2862281454
2862284318
02-11
2860342355
2860343095
02-10
2856565276
2856565940
02-08
2854676297
2854677236
2854678841
02-07
2852800700
2852812734
0 02-06
2850967277
2850967920
0 02-05
2847787158
2849267118
2849267924
2849269321
0 02-04
2847626895
2847628200
0 02-03
2839708907
2839710134
0 01-29
2838117167
2838117842
2838119606
0 01-28
2836530665
2836532006
0 01-27
2833286179
2833287596
0 01-25
2831641577
2831641678
2831642372
0
2829938623
2829940062
0
2828232035
2828233855
0
2826568816
2826568427
2826569611
0
